f6af8c83-b9e2-4e0b-bace-779b2e77f7a8|[10, 5, 7]|1
760bc0f0-ada3-497b-abec-fe4c6aca3ab1|[1, 2, 5]|1
d5df402e-be6d-4288-b936-c2b0057fcf55|[1, 2]|1
7b89fde1-bf6f-45d0-bc13-26136861075e|[6]|2
e690b687-32dc-4374-85cd-0557437e1bb4|[1]|2
872fe274-48f8-4150-8a9a-d49efe749deb|[10, 2]|11
67785f63-41de-4e9e-bb91-1f1294c93f24|[3]|13
9ba7368e-5083-460f-bc22-73352abed4ca|[4, 7]|14
2e09ce54-ac35-4d87-b23e-617cf498cda2|[2, 5]|15
a27c8d0e-deb5-4190-804c-430a3862770d|[2, 6]|16
429a567a-8ec7-43a0-a454-ae2e866023c3|[2, 5]|17
594cdbc4-c611-4321-ba70-60ca190e535c|[2]|16
cd918a9d-8fb6-431b-8659-7289e8f8ce43|[4, 6]|16
2c0c9627-17b7-45dc-8c96-12a865e25128|[4]|20
6d9eb89d-63a4-4723-9f5d-044bdef0fc01|[5]|20
f17a6ac0-bd00-4e62-9d9a-be7d1172ac05|[1, 7]|22
07c860b0-a35c-4d85-9b0d-b4c68b8e3dc0|[5, 12]|23
8c9e0a40-5d74-4192-bbaa-794863b02f81|[4]|24
76b589cf-8811-497f-9de3-ac7f88ff967e|[6, 7]|25
f25dbdc7-89af-4757-97c5-71f1b9525e2a|[2]|26
722f2f0e-89e4-48d0-a0e9-cf5b4d3d8d62|[12, 15, 3]|27
4d5d6899-2c74-4fc7-91ed-e15fd8e169ac|[3, 6]|28
8ebe9add-32f9-4f43-9173-b0338e1c2ee4|[14, 4]|29
9353b51d-5cd5-4484-8c94-80d855404836|[2, 5]|30
310e54d2-f8bf-407f-8a84-952109c188f0|[4, 9]|31
36b56250-65b3-42aa-b6ca-c1cb677fd812|[2, 2]|32
fb7fa663-064e-4689-aad5-e966b2e9bfd3|[5, 6, 7]|33
5b1eb018-e03d-4b1b-8372-b01a4d4e09fc|[10, 4, 6]|34
aa215b58-1a66-4c30-b293-82aa136a8d43|[5, 7, 12]|35
153ba66c-ba4f-421c-a337-d1b9fe34f9be|[5, 8]|36
cfe2d2d7-2a9d-4556-97da-2a11aa8b395d|[3, 9]|37
a2c3a740-3d3b-4a7b-9364-90ab83c0aa06|[3, 9]|38
d4a21494-3170-4e16-90d6-b6615f35563b|[3, 9]|38
202bd817-8b96-41b2-8dbf-a29069e99755|[3, 9]|38
7268fe8e-f45d-4dac-a921-150234bacca6|[3, 7]|38
6c3204e4-af8b-408f-a936-8d77ab03db8e|[4, 6]|38
685d8227-6936-4bbd-acb9-356666451a7c|[4, 6]|38
a4af8e9b-9ac4-47ac-92d5-46506d790b13|[3]|38
9bf664de-4860-47dc-8154-c90a74759bab|[3, 6]|38
a30d2104-f770-4f6b-b5e9-9e1531100a24|[4, 6]|38
19c3ad97-6b60-4af2-b3ff-8bf5a8c978fc|[4, 6]|38
a9cf646f-e861-44ac-8936-93feae5ed4ed|[4]|38
